6 4
0.160151
0.412986
0.109554
0.317309
9.572148 -1.934137 -3.115531 -162.129132 37.947407 20.176713 1.577055 0.169429 2.774320 -0.070493 -2.493632 -0.454084 9.268640 0.333380 -2.263102 -204.753996 -6.512238 69.974169 -2.348613 0.978199 -0.718790 46.884737 -14.868611 -27.903759
53.955906 -20.196843 -23.062998 0.000000 0.000000 0.000000 -20.196843 150.522946 0.329159 0.000000 0.000000 0.000000 -23.062998 0.329159 10.340500 0.000000 0.000000 0.000000 -913.563632 340.131610 390.601649 0.000000 0.000000 0.000000 396.953947 -2964.137952 -6.137061 0.000000 0.000000 0.000000 148.955535 -3.219515 -66.722008 0.000000 0.000000 0.000000
16.527977 1.721344 -11.115941 0.000000 0.000000 0.000000 1.721344 0.179285 -1.161186 0.000000 0.000000 0.000000 -11.115941 -1.161186 14.100609 0.000000 0.000000 0.000000 -0.399681 -0.041529 0.162026 0.000000 0.000000 0.000000 -23.212384 -2.417464 15.288656 0.000000 0.000000 0.000000 -0.416664 -0.042988 -0.457547 0.000000 0.000000 0.000000
3.446274 1.664820 13.080223 0.000000 0.000000 0.000000 1.664820 238.138042 0.167245 0.000000 0.000000 0.000000 13.080223 0.167245 50.364575 0.000000 0.000000 0.000000 -67.903688 -37.344981 -257.277583 0.000000 0.000000 0.000000 -34.392466 -4722.154999 -8.628109 0.000000 0.000000 0.000000 -247.966581 -2.179390 -955.209078 0.000000 0.000000 0.000000
29.402436 -8.673834 -22.394416 0.000000 0.000000 0.000000 -8.673834 2.628967 6.056157 0.000000 0.000000 0.000000 -22.394416 6.056157 21.387044 0.000000 0.000000 0.000000 -228.831746 73.785991 124.874066 0.000000 0.000000 0.000000 188.304117 -55.660017 -142.594450 0.000000 0.000000 0.000000 437.072696 -127.394667 -345.041960 0.000000 0.000000 0.000000
