2
77
0.35000000
1.00000000

0.00010000

1.00000000 1.00000000 1.00000000 1.00000000 1.00000000 1.00000000 1.00000000 1.00000000 1.00000000 1.00000000 1.00000000 1.00000000 1.00000000 1.00000000 1.00000000 1.00000000 1.00000000 1.00000000 1.00000000 1.00000000 1.00000000 1.00000000 1.00000000 1.00000000 1.00000000 1.00000000 1.00000000 1.00000000 1.00000000 1.00000000 1.00000000 1.00000000 1.00000000 1.00000000 1.00000000 1.00000000 1.00000000 1.00000000 1.00000000 1.00000000 1.00000000 1.00000000 1.00000000 1.00000000 1.00000000 1.00000000 1.00000000 1.00000000 1.00000000 1.00000000 1.00000000 1.00000000 1.00000000 1.00000000 1.00000000 1.00000000 1.00000000 1.00000000 1.00000000 1.00000000 1.00000000 1.00000000 1.00000000 1.00000000 1.00000000 1.00000000 1.00000000 1.00000000 1.00000000 1.00000000 1.00000000 1.00000000 1.00000000 1.00000000 1.00000000 1.00000000 1.00000000 

0.70038479 0.69999121 0.76426892 0.76236960 0.76033205 0.75912954 0.75859398 0.75783795 0.75660206 0.75529005 0.75434437 0.75302400 0.75108040 0.74985657 0.74930152 0.74833364 0.74697352 0.74510033 0.74388923 0.74336739 0.74255909 0.74127650 0.73995324 0.73821009 0.73678290 0.73568801 0.73494775 0.73465674 0.73423268 0.71497290 0.71388061 0.71302871 0.71245381 0.71145379 0.71010223 0.70861308 0.70728984 0.70642118 0.70572007 0.70514635 0.70468598 0.70442088 0.70419152 0.70372798 0.70302317 0.77870853 0.77799624 0.77686405 0.77621860 0.77549829 0.77473257 0.77396246 0.77381585 0.77331967 0.77220438 0.77089245 0.76983024 0.76900571 0.76815471 0.76719836 0.76644108 0.76553829 0.73280064 0.73108787 0.72929537 0.72706758 0.72614850 0.72549732 0.72522171 0.72470708 0.72404184 0.72371758 0.72281728 0.72159529 0.72104435 0.72068737 0.72030013 
0.09717706 0.09953837 0.06652029 0.06510270 0.06405252 0.06355247 0.06351813 0.06373976 0.06344721 0.06306105 0.06287725 0.06256439 0.06193519 0.06146080 0.06130084 0.06123765 0.06085869 0.06069267 0.06099809 0.06122368 0.06144584 0.06172205 0.06198174 0.06202218 0.06209471 0.06230977 0.06264717 0.06292292 0.06277201 0.07225279 0.07312053 0.07384350 0.07421107 0.07491330 0.07610585 0.07762183 0.07930480 0.08096281 0.08234559 0.08338360 0.08423196 0.08500597 0.08578932 0.08701968 0.08883560 0.08024355 0.07917316 0.07844529 0.07758686 0.07680717 0.07599006 0.07566397 0.07498347 0.07405074 0.07321162 0.07217143 0.07151181 0.07110103 0.07042833 0.06936754 0.06867462 0.06782760 0.06278479 0.06316891 0.06358718 0.06430243 0.06449312 0.06422182 0.06424306 0.06499175 0.06569983 0.06630658 0.06700665 0.06769866 0.06803775 0.06830499 0.06865292 
